10,128
10,198
10,132
10,271
10,206
10,27
10,66
11,7
11,5
11,21
11,26
11,25
11,27
11,18
8,14
328,4
328,3
328,2
328,1
328,0
326,4
326,3
326,2
326,1
326,0
324,5
324,4
324,3
324,2
324,1
324,0
323,4
323,3
323,2
323,1
323,0
322,4
322,3
322,2
322,1
322,0
321,4
321,3
321,2
321,1
321,0
289,3
289,2
289,1
289,0
20,3
20,2
20,1
19,3
19,2
19,1
12,3
12,2
12,1
11,20
11,17
11,15
11,12
11,6
11,4
11,3
11,2
11,1
10,298
10,257
10,210
10,208
10,155
18,1
10,126
18,3
10,75
10,26
10,3
10,2
14,1
10,1
9,7
14,3
13,1
13,3
9,5
9,3
9,2
9,1
8,15
8,13
8,10
8,8
8,7
8,3
8,2
8,1
3,3
3,2
3,1
2,2
2,3
2,1
0,273
0,270
0,0
330,34
330,33
